49
50
00000000000000000000000000000000000000000000000000
11111111111111011111110111011101111111111111111100
00001100000101010001010101010101000000000000010100
00011111110101110111010101110111011111011101110100
00010000010000010100000100000000010001010101000100
01111111011111010111111101111111111101010101011100
01000101011111000100000101000111111101010001010000
01110101111111110101110101011111111101010111011100
00010100011111110001010101010000000001010100000100
01010101011111110111010101010111110111110111110100
01010101000000000100010100010000010100000000010100
01010101011111111101110111011101110111111111010100
01010101010000000101000001000101010111111101010100
01010101110111111101011101011101010111111101010100
01000100010100010001000101010001000100111101010100
01110111010101110101110111110111111111110111110100
00010001010101000100010111110000000000010000000100
01111101010101011111010111110111111111110111011100
01000101111101000001010111110100000000000101010000
01011111111101111111011111110101111111111101010100
01010011111100011100000000010101000000000001010100
01011111111101111111111111010111110111011111011100
01000101000001000001000001010000000101010000000100
01110101111101111111011101011111111101010111110100
00010000000101011100010101000000000001010100010100
01110111110101011111110101011111110101011111010100
01000100010101010101110101000100010101000000010100
01111101011101010101111101111101111101011111110100
01000001000000010101111100000000000101010001110100
01011111110111110101111111111101110101110111111100
01000100010001000101000100000101010000000111111100
01111101011101110101011101110111011111110111011100
00000001000101110101010000010000000100010111011100
01111101111101111101010111011111010111011111011100
01000101000001110001010101010001010001000000000100
01011111011111110101010101110101111101111111111100
00011111010000010101010100000100000100000000000000
01111111011111011101011101111111110111011111111100
01000111010001010001011100010100000001010000000100
01111111010111010111111111110101111101010111110100
00011111010100010100010110000001010001010100010100
01110101010111010101110111011111010111011111111100
01000101000001010100010111010000010100000011111100
01011101111101010111011111010111011101111111111100
01010000000101000101011100010100000001000011111100
01011111011101110101011101110111111111011111111100
01000000010000010101000001000000000100010011111100
01111111111111110101111111111111111111111111111100
00000000000000000000000000000000000000000000000000
